21.448706386013004 22.618746385523306
37.01001813461762 38.93585193383117
103.97028996224657 107.11394930845466
107.83807462926103 111.82137057195064
172.87682081933517 177.6407846459663
104.07607443764877 108.42890621811992
108.10335010922086 112.96338839084689
301.57941613049553 312.9233830797819
282.27985216776 293.65455279407826
182.19912808624855 185.01691418006408
77.13870440204168 80.64869284974468
145.59373629046738 148.69743674832696
122.11536905632082 125.11399558490629
72.90621814594107 76.28679735998043
77.68695422238036 80.6185507533311
78.54500043075136 82.00118114217337
135.32511769017643 137.37994014837003
74.80054546909469 77.18311850989389
245.05644728654508 253.8484618611396
237.4320898015014 249.97659691229322
256.4758759541652 263.4090063209702
716.9634212386952 743.971236528663
904.1078368159436 936.3192453430923
450.2657183889706 466.77526573759377
152.7175207073351 155.9507979784736
92.5109403270502 96.70971779107549
420.4587054522643 433.38183177769554
48.97325566831902 51.1509561474434
138.41136205314538 143.51789045603127
39.82324289601905 41.41175991557229
120.73238012259601 126.38599259728265
593.6474451035408 604.7986294820528
144.4396241257247 149.4761513372558
366.9944793929621 385.58705006320616
471.218698459944 483.6471155441826
159.6515740662719 167.37278033855972
510.1784899185171 523.627094870623
132.1640348471439 135.6337634031238
159.09065617406276 162.39460998165902
55.565251806491666 58.440572935439654
112.49535602817828 115.7323658719154
208.52363740460092 212.75039175537833
685.9634006915662 699.0654557428782
100.00279871178194 104.5033698757399
782.255912300541 799.6533659252843
130.54251873937443 135.69440710651412
512.0857607629265 524.8813993123046
96.3665936177522 102.14967179671409
37.99568148094087 40.055842093838216
75.88288505426904 80.30537528137596
13.395596502666391 14.33410354936103
30.853650474638503 31.73994432535954
132.6664647009675 136.05747022116324
31.533924823400767 32.642186315744766
465.48643141020835 482.7306398671081
59.8056638918572 62.54812387958811
103.18776831180895 106.5520946828718
402.1083667615425 415.353444492028
66.94775811886181 70.04667085256703
676.6653351147596 693.1113222163455
169.05487975280175 175.97935208055122
94.69143503154298 98.92008673927482
151.54509767081294 160.49834180841265
